4.427597303593863 17.087254597912228
-1.2910050549587169 -3.2930802675037896
-8.752378493286578 -17.569643298575937
-0.4695694229426177 4.320813566054937
-0.6280166368903011 -18.855761970786162
-5.485329277626326 28.608522769772783
4.752055147439529 -6.432450479400636
5.8833328352806085 17.60160624144205
7.241320823165797 28.713680751262117
8.041816726860702 3.744107928214035
4.543465427193761 19.65405060797876
-0.40003019275481577 -3.61351560812081
5.296816203763671 -15.605853008624276
-1.419429265718371 17.144583907717674
0.2965792528919504 7.836423068833209
1.2529788013102827 21.322944490009384
1.4261079221079083 9.935882027659876
6.865488109080378 -3.2130790041673123
-5.767159933783576 -6.910212002961391
9.093554046391144 -10.836078543834436
